000F4
00004
000F4
00004
000F4
00004
000F4
00004
000F4
00004
000F4
00004
000F4
00004
000F4
00004
000F4
00004
000F4
00004
000F4
00004
000F4
00004
000F4
00004
000F4
00004
000F4
00004
000F4
00004
00004
00014
00024
00024
00034
00044
00054
00054
00064
00074
00084
00084
00094
000A4
000B4
000B4
000C4
000D4
000E4
000E4
000F4
000E4
000E4
000D4
000C4
000C4
000B4
000A4
000A4
00094
00084
00084
00074
00064
00054
00054
00044
00034
00034
00024
00014
00014
00004
00014
00024
00024
00034
00044
00054
00054
00064
00074
00084
00084
00094
000A4
000B4
000B4
000C4
000D4
000E4
000E4
000F4
000E4
00004
00004
00004
00014
00014
00024
00024
00034
00044
00054
00064
00084
00094
000A4
000B4
000C4
000D4
000D4
000E4
000E4
000F4
000F4
000F4
000F4
000E4
000E4
000D4
000D4
000C4
000B4
000A4
00094
00084
00064
00054
00044
00034
00024
00024
00014
00014
00004
00004
00004
00004
00014
00014
00024
00024
00034
00044
00054
00064
00084
00094
000A4
000B4
000C4
000D4
000D4
000E4
000E4
000F4
000F4
000C4
000E4
00024
000E4
00094
00014
00044
00084
000E4
000E4
00024
000F4
000E4
00074
000C4
00024
00064
000E4
000C4
000E4
000A4
00014
000D4
000E4
000A4
000B4
000B4
00064
000A4
00034
000B4
00004
00044
00014
00014
000C4
000A4
00054
000E4
00014
00074
00064
000B4
000C4
00034
00074
00074
000A4
000B4
000B4
00044
000A4
000A4
00024
00024
00074
000E4
00054
00094
00034
000B4
00044
00084
000A4
000D4
000E4
00084
00024
00024
00044
000D4
00044
000C4
00044
000E4
00054
00034
00044
00094
00074
00054
000C4
00094
00084
000E4
00044
000B4
000B4
00064
00094
00014
00014
00084
000C4
000E4
00024
